130 196 
0 -2921272 4324965
1 -2924221 4324925
2 -2919479 4324990
3 -2924350 4324923
4 -2921556 4324961
5 -2924569 4324920
6 -2925743 4324904
7 -2932780 4324806
8 -2933865 4324791
9 -2933428 4324798
10 -2933574 4324796
11 -2934442 4324784
12 -2936387 4324757
13 -2941724 4324683
14 -2942545 4324672
15 -2941174 4324691
16 -2941082 4324692
17 -2942120 4324677
18 -2941922 4324680
19 -2941672 4324683
20 -2940709 4324697
21 -2940599 4324698
22 -2933674 4324794
23 -2932790 4324806
24 -2933283 4324799
25 -2932878 4324804
26 -2932581 4324808
27 -2935038 4324774
28 -2939761 4324709
29 -2940919 4324693
30 -2942445 4324672
31 -2940532 4324698
32 -2939050 4324719
33 -2937482 4324740
34 -2938653 4324724
35 -2931745 4324819
36 -2931440 4324823
37 -2929511 4324850
38 -2930299 4324839
39 -2930596 4324835
40 -2931421 4324824
41 -2931827 4324819
42 -2929520 4324851
43 -2925438 4324906
44 -2923396 4324935
45 -2922351 4324949
46 -2923604 4324932
47 -2922600 4324946
48 -2922943 4324941
49 -2925260 4324910
50 -2917922 4325010
51 -2915928 4325038
52 -2917245 4325020
53 -2919301 4324991
54 -2920075 4324981
55 -2918620 4325001
56 -2920703 4324973
57 -2917045 4325023
58 -2920808 4324971
59 -2921304 4324965
60 -2919780 4324986
61 -2917487 4325017
62 -2914384 4325060
63 -2914762 4325055
64 -2914856 4325054
65 -2913875 4325068
66 -2913724 4325070
67 -2911776 4325097
68 -2912081 4325093
69 -2907835 4325151
70 -2908128 4325147
71 -2907717 4325152
72 -2908876 4325136
73 -2910798 4325110
74 -2911721 4325097
75 -2913427 4325073
76 -2910188 4325118
77 -2912644 4325084
78 -2913587 4325071
79 -2912564 4325085
80 -2913695 4325069
81 -2913032 4325078
82 -2912686 4325083
83 -2911389 4325101
84 -2909442 4325128
85 -2908406 4325142
86 -2907039 4325161
87 -2911592 4325098
88 -2904182 4325200
89 -2899470 4325265
90 -2893033 4325355
91 -2885334 4325461
92 -2878421 4325557
93 -2877278 4325572
94 -2877628 4325568
95 -2878881 4325551
96 -2880444 4325529
97 -2881751 4325511
98 -2884461 4325474
99 -2885009 4325466
100 -2887115 4325437
101 -2886780 4325442
102 -2889687 4325402
103 -2894653 4325333
104 -2893910 4325343
105 -2894217 4325339
106 -2894996 4325328
107 -2896558 4325307
108 -2896748 4325304
109 -2896424 4325309
110 -2897850 4325289
111 -2897557 4325293
112 -2896001 4325314
113 -2896910 4325301
114 -2898354 4325281
115 -2900873 4325246
116 -2901483 4325238
117 -2903464 4325211
118 -2907649 4325153
119 -2907336 4325157
120 -2904099 4325202
121 -2905263 4325186
122 -2904259 4325200
123 -2902945 4325218
124 -2902095 4325230
125 -2900702 4325249
126 -2901168 4325243
127 -2901425 4325239
128 -2901579 4325237
129 -2899367 4325268
130 -2900193 4325256
  
0 1 
0 2 
1 3 
1 5 
1 7 
2 64 
4 5 
4 59 
4 63 
5 6 
5 48 
6 49 
6 23 
7 8 
7 9 
7 23 
8 20 
8 22 
9 10 
10 11 
11 12 
12 13 
13 14 
13 15 
14 17 
15 16 
16 17 
17 18 
18 19 
19 20 
19 29 
20 21 
21 22 
21 28 
22 24 
23 41 
24 25 
25 26 
25 27 
25 41 
26 27 
26 35 
26 40 
27 28 
27 32 
27 33 
28 29 
28 32 
29 30 
29 31 
32 33 
32 34 
34 35 
35 36 
35 39 
36 37 
36 38 
37 38 
38 39 
38 43 
39 40 
40 41 
40 42 
41 42 
43 44 
44 45 
44 46 
45 47 
45 50 
46 47 
46 49 
47 48 
47 52 
50 51 
50 52 
51 52 
51 82 
52 53 
52 81 
53 54 
54 55 
54 56 
55 56 
55 57 
56 58 
57 61 
58 59 
58 60 
58 61 
61 62 
62 63 
62 75 
62 78 
63 64 
63 66 
64 65 
65 66 
65 67 
66 70 
66 75 
67 68 
67 69 
69 70 
70 71 
70 128 
71 72 
71 76 
71 119 
71 120 
71 121 
71 122 
72 73 
72 74 
73 74 
74 75 
75 76 
75 77 
76 77 
76 119 
76 120 
77 78 
77 79 
78 79 
78 80 
79 80 
79 83 
79 87 
80 81 
81 82 
81 87 
83 84 
84 118 
84 85 
85 86 
87 88 
88 89 
89 90 
90 91 
91 92 
92 93 
92 95 
93 94 
94 95 
95	96	
104	105	
105	106	
105	112	
112	113	
113	95	
106	107	
106	108	
108	109	
109	96	
110	114	
111 113
112 113
113 116
114	115	
115	116	
116	117	
115	117	
117	118	
118	103	
117	119	
119	121	
119	120	
120	121	
120	122	
121	122	
122	123	
123	124	
124	107	
122	125	
123	125	
123	126	
125	126	
126	127	
125	127	
127	128	
128	129	
129	130	
128	132	
132	133
